               
                 
INSERTED : 16807
━━━━━━━━━━━━━━━━━━━━━━━━━━━━━━━━━━━━━━━━━━━━━━━━


Root ->   16807   
[0 0]  

━━━━━━━━━━━━━━━━━━━━━━━━━━━━━━━━━━━━━━━━━━━━━━━━

INSERTED : 282475249
━━━━━━━━━━━━━━━━━━━━━━━━━━━━━━━━━━━━━━━━━━━━━━━━


                          282475249   
                        [0 16807]  
Root ->   16807   
[1 0]  

━━━━━━━━━━━━━━━━━━━━━━━━━━━━━━━━━━━━━━━━━━━━━━━━

LEFT
INSERTED : 1622650073
━━━━━━━━━━━━━━━━━━━━━━━━━━━━━━━━━━━━━━━━━━━━━━━━


                          1622650073   
                        [0 282475249]  
Root ->   282475249   
[0 0]  
                          16807   
                        [0 282475249]  

━━━━━━━━━━━━━━━━━━━━━━━━━━━━━━━━━━━━━━━━━━━━━━━━

INSERTED : 984943658
━━━━━━━━━━━━━━━━━━━━━━━━━━━━━━━━━━━━━━━━━━━━━━━━


                          1622650073   
                        [-1 282475249]  
                                      984943658   
                                    [0 1622650073]  
Root ->   282475249   
[1 0]  
                          16807   
                        [0 282475249]  

━━━━━━━━━━━━━━━━━━━━━━━━━━━━━━━━━━━━━━━━━━━━━━━━

LEFT
RIGHT
INSERTED : 1144108930
━━━━━━━━━━━━━━━━━━━━━━━━━━━━━━━━━━━━━━━━━━━━━━━━


                                      1622650073   
                                    [0 1144108930]  
                          1144108930   
                        [0 282475249]  
                                      984943658   
                                    [0 1144108930]  
Root ->   282475249   
[1 0]  
                          16807   
                        [0 282475249]  

━━━━━━━━━━━━━━━━━━━━━━━━━━━━━━━━━━━━━━━━━━━━━━━━

RIGHT
LEFT
INSERTED : 470211272
━━━━━━━━━━━━━━━━━━━━━━━━━━━━━━━━━━━━━━━━━━━━━━━━


                                      1622650073   
                                    [0 1144108930]  
                          1144108930   
                        [1 984943658]  
Root ->   984943658   
[0 0]  
                                      470211272   
                                    [0 282475249]  
                          282475249   
                        [0 984943658]  
                                      16807   
                                    [0 282475249]  

━━━━━━━━━━━━━━━━━━━━━━━━━━━━━━━━━━━━━━━━━━━━━━━━

INSERTED : 101027544
━━━━━━━━━━━━━━━━━━━━━━━━━━━━━━━━━━━━━━━━━━━━━━━━


                                      1622650073   
                                    [0 1144108930]  
                          1144108930   
                        [1 984943658]  
Root ->   984943658   
[-1 0]  
                                      470211272   
                                    [0 282475249]  
                          282475249   
                        [-1 984943658]  
                                                  101027544   
                                                [0 16807]  
                                      16807   
                                    [1 282475249]  

━━━━━━━━━━━━━━━━━━━━━━━━━━━━━━━━━━━━━━━━━━━━━━━━

RIGHT
LEFT
INSERTED : 1457850878
━━━━━━━━━━━━━━━━━━━━━━━━━━━━━━━━━━━━━━━━━━━━━━━━


                                      1622650073   
                                    [0 1457850878]  
                          1457850878   
                        [0 984943658]  
                                      1144108930   
                                    [0 1457850878]  
Root ->   984943658   
[-1 0]  
                                      470211272   
                                    [0 282475249]  
                          282475249   
                        [-1 984943658]  
                                                  101027544   
                                                [0 16807]  
                                      16807   
                                    [1 282475249]  

━━━━━━━━━━━━━━━━━━━━━━━━━━━━━━━━━━━━━━━━━━━━━━━━

INSERTED : 1458777923
━━━━━━━━━━━━━━━━━━━━━━━━━━━━━━━━━━━━━━━━━━━━━━━━


                                      1622650073   
                                    [-1 1457850878]  
                                                  1458777923   
                                                [0 1622650073]  
                          1457850878   
                        [1 984943658]  
                                      1144108930   
                                    [0 1457850878]  
Root ->   984943658   
[0 0]  
                                      470211272   
                                    [0 282475249]  
                          282475249   
                        [-1 984943658]  
                                                  101027544   
                                                [0 16807]  
                                      16807   
                                    [1 282475249]  

━━━━━━━━━━━━━━━━━━━━━━━━━━━━━━━━━━━━━━━━━━━━━━━━

LEFT
INSERTED : 2007237709
━━━━━━━━━━━━━━━━━━━━━━━━━━━━━━━━━━━━━━━━━━━━━━━━


                                      2007237709   
                                    [0 1622650073]  
                          1622650073   
                        [-1 984943658]  
                                                  1458777923   
                                                [0 1457850878]  
                                      1457850878   
                                    [1 1622650073]  
                                                  1144108930   
                                                [0 1457850878]  
Root ->   984943658   
[0 0]  
                                      470211272   
                                    [0 282475249]  
                          282475249   
                        [-1 984943658]  
                                                  101027544   
                                                [0 16807]  
                                      16807   
                                    [1 282475249]  

━━━━━━━━━━━━━━━━━━━━━━━━━━━━━━━━━━━━━━━━━━━━━━━━


━━━━━━━━━━━━━━━━━━━━━━━━━━━━━━━━━━━━━━━━━━━━━━━━


                                      2007237709   
                                    [0 1622650073]  
                          1622650073   
                        [-1 984943658]  
                                                  1458777923   
                                                [0 1457850878]  
                                      1457850878   
                                    [1 1622650073]  
                                                  1144108930   
                                                [0 1457850878]  
Root ->   984943658   
[0 0]  
                                      470211272   
                                    [0 282475249]  
                          282475249   
                        [-1 984943658]  
                                                  101027544   
                                                [0 16807]  
                                      16807   
                                    [1 282475249]  

━━━━━━━━━━━━━━━━━━━━━━━━━━━━━━━━━━━━━━━━━━━━━━━━

SORTED!
